2016 01 28 01 52
2016 02 22 01 14
2016 03 02 19 51
2016 03 16 05 37
2016 03 23 22 52
2016 03 24 02 55
2016 04 07 02 26
2016 04 18 08 28
2016 05 11 04 04
2016 05 18 04 04
2016 05 21 05 21
2016 06 05 15 24
2016 06 09 01 32
2016 06 27 10 25
2016 07 14 07 54
2016 07 14 08 09
2016 07 20 02 49
2016 07 24 04 57
2016 08 13 19 52
2016 08 20 07 10
2016 08 22 22 49
2016 09 05 15 09
2016 09 10 12 58
2016 09 16 09 05
2016 09 26 09 19
2016 12 24 09 18
2017 01 05 07 12
2017 01 09 18 51
2017 01 23 20 11
2017 01 24 21 37
2017 02 16 13 21
2017 02 23 07 41
2017 03 16 18 06
2017 03 23 16 02
2017 03 26 20 37
2017 03 28 09 10
2017 04 13 04 01
2017 04 14 22 52
2017 05 03 06 45
2017 05 04 01 01
2017 05 06 17 34
2017 06 13 08 39
2017 06 17 06 03
2017 06 28 19 41
2017 07 28 14 35
2017 08 01 02 11
2017 08 05 08 15
2017 08 19 19 31
2017 10 16 05 00
2017 11 09 13 32
2017 11 14 15 15
2017 12 11 12 51
2017 12 26 05 22
2018 01 27 21 59
2018 01 28 08 38
2018 02 07 23 31
2018 02 21 10 06
2018 03 01 10 15
2018 03 04 08 54
2018 03 06 06 23
2018 03 17 15 30
2018 04 19 07 37
2018 04 23 20 46
2018 04 25 10 38
2018 04 26 11 35
2018 04 27 17 48
2018 05 19 04 01
2018 06 20 05 08
2018 06 22 12 55
2018 07 03 18 57
2018 07 12 02 20
2018 08 14 01 42
2018 09 06 18 55
2018 09 12 02 57
2018 10 20 21 51
2018 10 24 16 21
2018 11 21 12 01
2018 12 10 12 17
2019 01 03 16 04
2019 01 07 10 33
2019 01 26 13 12
2019 02 01 06 48
2019 03 19 14 18
2019 04 03 17 57
2019 05 07 16 59
2019 05 11 22 21
2019 06 21 12 17
2019 07 21 13 16
2019 07 27 22 26
2019 08 01 10 45
2019 09 02 10 01
2019 09 11 13 21
2019 09 24 20 19
2019 10 04 17 22
2019 10 06 08 26
2019 10 15 21 00
2019 10 18 03 22
2019 10 18 21 59
2019 11 26 11 52
2019 12 24 03 38
2020 02 11 07 09
2020 03 08 01 52
2020 03 12 05 07
2020 03 14 05 41
2020 04 01 19 46
2020 04 05 21 17
2020 05 26 16 17
2020 06 13 10 00
2020 06 23 06 12
2020 07 07 02 45
2020 07 08 13 19
2020 07 08 23 13
2020 07 18 13 52
2020 07 18 17 22
2020 07 28 21 10
2020 08 03 07 14
2020 08 11 10 06
2020 09 12 06 45
2020 09 27 05 02
2020 10 27 01 34
2020 11 03 08 20
2020 11 28 13 12
2021 02 01 23 30
2021 02 14 07 43
2021 02 23 00 32
2021 02 23 04 43
2021 04 16 13 00
2021 04 22 08 55
2021 04 23 11 16
2021 05 14 21 23
2021 05 24 21 45
2021 06 05 07 38
2021 06 14 21 28
2021 06 17 02 19
2021 06 19 12 15
2021 07 05 22 24
2021 07 13 02 56
2021 07 24 05 40
2021 08 03 14 44
2021 08 04 08 44
2021 08 26 00 20
2021 09 22 13 53
2021 09 27 01 18
2021 10 01 08 27
2021 10 04 08 26
2021 10 10 08 49
2021 10 10 11 49
2021 11 01 20 52
2021 11 06 22 46
2021 11 16 10 59
2021 11 25 18 05
2021 12 09 19 47
2021 12 14 10 21
2022 01 12 14 32
2022 01 13 02 34
2022 01 20 05 19
2022 02 22 12 56
2022 02 25 12 52
2022 03 06 04 02
2022 03 14 22 01
2022 03 15 20 16
2022 03 24 12 00
2022 03 25 07 04
2022 05 23 21 14
2022 05 28 07 53
2022 06 06 15 58
2022 06 11 19 49
2022 06 28 05 33
2022 08 08 02 51
2022 08 19 20 27
2022 08 21 08 34
2022 10 08 01 53
2022 10 09 01 12
2022 11 06 17 54
2022 11 26 14 29
2022 12 05 11 39
2023 01 17 09 23
2023 02 02 00 56
2023 02 03 14 07
2023 02 22 17 37
2023 03 12 01 56
2023 03 13 00 15
2023 03 14 19 51
2023 03 18 14 53
2023 03 24 07 31
2023 04 08 21 37
2023 05 26 07 49
2023 06 04 12 45
2023 06 04 17 56
2023 06 06 00 30
2023 06 10 14 28
2023 07 21 15 21
2023 08 05 08 45
2023 09 03 16 40
2023 09 09 03 53
2023 09 23 08 18
2023 09 25 01 59
2023 10 07 01 36
2023 10 23 21 11
2023 12 07 09 46
