2016 01 03 18 55
2016 01 10 17 20
2016 01 15 23 20
2016 01 16 00 06
2016 01 17 10 40
2016 01 22 18 40
2016 01 25 19 42
2016 01 25 22 11
2016 02 05 05 21
2016 02 12 15 46
2016 02 22 06 42
2016 02 24 02 15
2016 02 27 03 48
2016 03 06 00 37
2016 03 06 13 33
2016 03 07 08 29
2016 03 13 20 14
2016 03 16 01 57
2016 03 21 07 14
2016 03 27 09 40
2016 04 04 15 12
2016 04 04 21 27
2016 04 06 12 47
2016 04 08 21 49
2016 04 15 19 05
2016 04 21 04 56
2016 04 23 16 36
2016 04 23 18 13
2016 04 27 03 55
2016 04 28 11 05
2016 05 01 21 46
2016 05 04 14 53
2016 05 14 12 02
2016 05 16 03 48
2016 05 17 12 57
2016 05 17 16 24
2016 05 18 08 33
2016 05 22 04 05
2016 05 27 00 12
2016 05 28 01 42
2016 05 28 03 17
2016 05 28 18 01
2016 06 02 15 41
2016 06 15 01 08
2016 06 16 10 28
2016 06 21 12 14
2016 06 22 19 59
2016 06 25 05 24
2016 07 01 21 30
2016 07 03 08 43
2016 07 09 01 46
2016 07 15 13 52
2016 07 15 19 30
2016 07 17 05 17
2016 07 17 16 19
2016 07 17 17 16
2016 07 22 19 14
2016 07 23 11 22
2016 07 25 21 53
2016 08 01 17 55
2016 08 02 11 01
2016 08 05 17 00
2016 08 08 23 36
2016 08 09 15 41
2016 08 14 19 55
2016 08 15 11 15
2016 08 16 16 02
2016 08 20 23 02
2016 08 24 08 36
2016 08 24 15 26
2016 08 26 20 25
2016 08 27 05 06
2016 08 28 00 37
2016 09 01 07 45
2016 09 04 13 49
2016 09 05 04 07
2016 09 06 17 15
2016 09 13 18 19
2016 09 14 10 22
2016 09 19 02 51
2016 09 21 17 35
2016 09 27 00 44
2016 10 12 19 57
2016 10 13 14 35
2016 10 22 06 39
2016 10 27 00 02
2016 10 28 05 46
2016 11 06 09 47
2016 11 11 09 07
2016 11 13 02 01
2016 11 13 03 36
2016 11 16 14 05
2016 11 19 00 12
2016 11 26 20 55
2016 12 06 08 40
2016 12 07 02 19
2016 12 08 06 03
2016 12 10 15 14
2016 12 11 08 29
2016 12 17 20 40
